907 
908  
0 
35570 
138612.21
906 
1319  
495 
101274 
317009.98
916 
1333  
902 
117030 
339892.20
910 
1324  
918 
115469 
429371.08
913 
1329  
909 
117838 
413712.19
920 
1325  
924 
120933 
391887.75
910 
1318  
917 
119606 
420128.86
917 
1341  
895 
117046 
437758.85
912 
1332  
920 
117350 
427935.52
908 
1338  
902 
112302 
332547.75
910 
1345  
903 
115005 
349568.86
913 
1334  
924 
122084 
412391.08
913 
1325  
922 
109706 
364449.97
912 
1340  
897 
112597 
437415.52
918 
1334  
924 
113346 
391774.41
