726 
715  
11 
38176 
339525.54
741 
865  
590 
96553 
764232.18
736 
865  
735 
100419 
754383.30
740 
869  
735 
108609 
934909.96
721 
862  
727 
103667 
887063.29
727 
881  
707 
101580 
816287.74
737 
848  
770 
103935 
849092.18
745 
887  
706 
103210 
849141.07
740 
875  
749 
107960 
979756.62
733 
878  
728 
106862 
919704.40
729 
877  
730 
103875 
844821.07
735 
857  
754 
104966 
910476.62
717 
844  
728 
101977 
811039.96
731 
862  
713 
101931 
839114.41
731 
862  
728 
101350 
822654.41
