789 
776  
14 
39139 
335063.31
794 
997  
573 
107436 
934514.40
787 
963  
821 
120722 
1122428.84
789 
959  
794 
119522 
1062288.84
780 
967  
771 
118426 
1010859.95
790 
981  
776 
120471 
1057059.95
784 
968  
797 
123281 
1053268.85
781 
970  
779 
121516 
1003743.29
790 
968  
792 
122689 
1072573.29
779 
971  
776 
119094 
977686.62
787 
975  
783 
117640 
1030675.50
796 
959  
812 
115306 
1044483.28
788 
955  
792 
117567 
1048829.95
782 
945  
792 
118585 
1016511.06
790 
974  
760 
118205 
1091445.51
