876 
875  
2 
39193 
285872.20
876 
1197  
554 
110591 
681351.07
878 
1196  
879 
129166 
866226.62
876 
1201  
871 
129878 
949815.50
875 
1207  
869 
130285 
830123.28
880 
1196  
891 
134636 
934283.28
879 
1202  
873 
127748 
848446.62
879 
1192  
889 
133809 
967338.83
877 
1212  
857 
127615 
873537.73
874 
1193  
893 
124654 
771777.73
872 
1205  
860 
125651 
785848.84
877 
1191  
891 
130754 
815403.29
881 
1213  
859 
129907 
777977.74
875 
1186  
902 
131205 
817236.62
886 
1185  
887 
133113 
900691.06
